57359,57351,65535,65535,65535,65535,65535,65535,65535,65535,65535,65535,65535,65535,65535,65535,65535,65535,65535,65535,65535,65535,65535,65535,65535,65535,65535,65535,65535,65535,65535,65535,65535,65535,65535,65535,65535,65535,65535,65535,65535,65535,65535,65535,65535,65535,65535,65535,65535,65535,65535,65535,65535,65535,65535,65535,65535,65535,65535,65535,65535,65535,65535,65535,65535,65535,65535,58367,
57367,57351,65535,65535,0,0,0,0,0,0,0,0,0,0,0,0,0,0,0,0,0,0,0,0,0,0,0,0,0,0,0,0,0,65535,65535,65535,65535,65535,65535,65535,65535,65535,65535,65535,65535,65535,65535,65535,0,0,0,0,0,0,0,0,0,0,0,0,0,0,0,0,65535,65535,65535,58367,
65383,65535,65535,65535,0,0,0,0,0,0,0,0,0,0,0,0,0,0,0,0,0,0,0,0,0,0,0,0,0,0,0,0,0,65535,65535,65535,65535,65535,65535,65535,65535,65535,65535,65535,65535,65535,65535,65535,0,0,0,0,0,0,0,0,0,0,0,0,0,0,0,0,65535,65535,65535,58367,
65479,65535,65535,65535,0,0,0,0,0,0,0,0,0,0,0,0,0,0,0,0,0,0,0,0,0,0,0,0,0,0,0,0,0,65535,65535,65535,65535,65535,65535,65535,65535,65535,65535,65535,65535,65535,65535,65535,0,0,0,0,0,0,0,0,0,0,0,0,0,0,0,0,65535,65535,65535,58367,
65327,65535,65535,65535,0,0,0,0,0,0,0,0,0,0,0,0,0,0,0,0,0,0,0,0,0,0,0,0,0,0,0,0,0,0,65535,65535,65535,65535,65535,65535,65535,65535,65535,65535,65535,65535,65535,65535,0,0,0,0,0,0,0,0,0,0,0,0,0,0,0,0,65535,65535,65535,58367,
65423,65535,65535,65535,0,0,0,0,0,0,0,0,0,0,0,0,0,0,0,0,0,0,0,0,0,0,0,0,0,0,0,0,0,0,65535,65535,65535,65535,65535,65535,65535,65535,65535,65535,65535,65535,65535,65535,0,0,0,0,0,0,0,0,0,0,0,0,0,0,0,0,65535,65535,65535,58367,
65527,65535,65535,65535,0,0,0,0,0,0,0,0,0,0,0,0,0,0,0,0,0,0,0,0,0,0,0,0,0,0,0,0,0,0,65535,65535,65535,65535,65535,65535,65535,65535,65535,65535,65535,65535,65535,65535,0,0,0,0,0,0,0,0,0,0,0,0,0,0,0,0,65535,65535,65535,58367,
65367,65535,65535,65535,0,0,0,0,0,0,0,0,0,0,0,0,0,0,0,0,0,0,0,0,0,0,0,0,0,0,0,0,0,0,65535,65535,65535,65535,65535,65535,65535,65535,65535,65535,65535,65535,65535,65535,0,0,0,0,0,0,0,0,0,0,0,0,0,0,0,0,65535,65535,65535,58367,
65471,65535,65535,65535,0,0,0,0,0,0,0,0,0,0,0,0,0,0,0,0,0,0,0,0,0,0,0,0,0,0,0,0,0,0,65535,65535,65535,65535,65535,65535,65535,65535,65535,65535,65535,65535,65535,65535,0,0,0,0,0,0,0,0,0,0,0,0,0,0,0,0,65535,65535,65535,58367,
65391,65535,65535,65535,0,0,0,0,0,0,0,0,0,0,0,0,0,0,0,0,0,0,0,0,0,0,0,0,0,0,0,0,0,0,0,65535,65535,65535,65535,65535,65535,65535,65535,65535,65535,65535,65535,65535,0,0,0,0,0,0,0,0,0,0,0,0,0,0,0,0,65535,65535,65535,58367,
65399,65535,65535,65535,0,0,0,0,0,0,0,0,0,0,0,0,0,0,0,0,0,0,0,0,0,0,0,0,0,0,0,0,0,0,0,65535,65535,65535,65535,65535,65535,65535,65535,65535,65535,65535,65535,65535,0,0,0,0,0,0,0,0,0,0,0,0,0,0,0,0,65535,65535,65535,58367,
65407,65535,65535,65535,0,0,0,0,0,0,0,0,0,0,0,0,0,0,0,0,0,0,0,0,0,0,0,0,0,0,0,0,0,0,0,65535,65535,65535,65535,65535,65535,65535,65535,65535,65535,65535,65535,65535,0,0,0,0,0,0,0,0,0,0,0,0,0,0,0,0,65535,65535,65535,58367,
65415,65535,65535,65535,0,0,0,0,0,0,0,0,0,0,0,0,0,0,0,0,0,0,0,0,0,0,0,0,0,0,0,0,0,0,0,65535,65535,65535,65535,65535,65535,65535,65535,65535,65535,65535,65535,65535,0,0,0,0,0,0,0,0,0,0,0,0,0,0,0,0,65535,65535,65535,58367,
65431,65535,65535,65535,0,0,0,0,0,0,0,0,0,0,0,0,0,0,0,0,0,0,0,0,0,0,0,0,0,0,0,0,0,0,0,65535,65535,65535,65535,65535,65535,65535,65535,65535,65535,65535,65535,65535,0,0,0,0,0,0,0,0,0,0,0,0,0,0,0,0,65535,65535,65535,58367,
65439,65535,65535,65535,0,0,0,0,0,0,0,0,0,0,0,0,0,0,0,0,0,0,0,0,0,0,0,0,0,0,0,0,0,0,0,0,65535,65535,65535,65535,65535,65535,65535,65535,65535,65535,65535,65535,0,0,0,0,0,0,0,0,0,0,0,0,0,0,0,0,65535,65535,65535,58367,
65535,65535,65535,65535,0,0,0,0,0,0,0,0,0,0,0,0,0,0,0,0,0,0,0,0,0,0,0,0,0,0,0,0,0,0,0,0,65535,65535,65535,65535,65535,65535,65535,65535,65535,65535,65535,65535,0,0,0,0,0,0,0,0,0,0,0,0,0,0,0,0,65535,65535,65535,58367,
65535,65535,65535,65535,0,0,0,0,0,0,0,0,0,0,0,0,0,0,0,0,0,0,0,0,0,0,0,0,0,0,0,0,0,0,0,0,65535,65535,65535,65535,65535,65535,65535,65535,65535,65535,65535,65535,0,0,0,0,0,0,0,0,0,0,0,0,0,0,0,0,65535,65535,65535,58367,
65535,65535,65535,65535,0,0,0,0,0,0,0,0,0,0,0,0,0,0,0,0,0,0,0,0,0,0,0,0,0,0,0,0,0,0,0,0,65535,65535,65535,65535,65535,65535,65535,65535,65535,65535,65535,65535,0,0,0,0,0,0,0,0,0,0,0,0,0,0,0,0,65535,65535,65535,58367,
65535,65535,65535,65535,0,0,0,0,0,0,0,0,0,0,0,0,0,0,0,0,0,0,0,0,0,0,0,0,0,0,0,0,0,0,0,0,65535,65535,65535,65535,65535,65535,65535,65535,65535,65535,65535,65535,0,0,0,0,0,0,0,0,0,0,0,0,0,0,0,0,65535,65535,65535,58367,
65487,65535,65535,65535,0,0,0,0,0,0,0,0,0,0,0,0,0,0,0,0,0,0,0,0,0,0,0,0,0,0,0,0,0,0,0,0,0,65535,65535,65535,65535,65535,65535,65535,65535,65535,65535,65535,0,0,0,0,0,0,0,0,0,0,0,0,0,0,0,0,65535,65535,65535,58367,
65535,65535,65535,65535,0,0,0,0,0,0,0,0,0,0,0,0,0,0,0,0,0,0,0,0,0,0,0,0,0,0,0,0,0,0,0,0,0,65535,65535,65535,65535,65535,65535,65535,65535,65535,65535,65535,0,0,0,0,0,0,0,0,0,0,0,0,0,0,0,0,65535,65535,65535,58367,
65535,65535,65535,65535,0,0,0,0,0,0,0,0,0,0,0,0,0,0,0,0,0,0,0,0,0,0,0,0,0,0,0,0,0,0,0,0,0,65535,65535,65535,65535,65535,65535,65535,65535,65535,65535,65535,0,0,0,0,0,0,0,0,0,0,0,0,0,0,0,0,65535,65535,65535,58367,
65535,65535,65535,65535,0,0,0,0,0,0,0,0,0,0,0,0,0,0,0,0,0,0,0,0,0,0,0,0,0,0,0,0,0,0,0,0,0,65535,65535,65535,65535,65535,65535,65535,65535,65535,65535,65535,0,0,0,0,0,0,0,0,0,0,0,0,0,0,0,0,65535,65535,65535,58367,
65535,65535,65535,65535,0,0,0,0,0,0,0,0,0,0,0,0,0,0,0,0,0,0,0,0,0,0,0,0,0,0,0,0,0,0,0,0,0,65535,65535,65535,65535,65535,65535,65535,65535,65535,65535,65535,0,0,0,0,0,0,0,0,0,0,0,0,0,0,0,0,65535,65535,65535,58367,
65535,65535,65535,65535,0,0,0,0,0,0,0,0,0,0,0,0,0,0,0,0,0,65535,0,0,0,0,0,0,0,0,0,0,0,0,0,0,0,0,65535,65535,65535,65535,65535,65535,65535,65535,65535,65535,0,0,0,0,0,0,0,0,0,0,0,0,0,0,0,0,65535,65535,65535,58367,
65535,65535,65535,65535,0,0,0,0,0,0,0,0,0,0,0,0,0,0,0,0,0,65535,0,0,0,0,0,0,0,0,0,0,0,0,0,0,0,0,65535,65535,65535,65535,65535,65535,65535,65535,65535,65535,0,0,0,0,0,0,0,0,0,0,0,0,0,0,0,0,65535,65535,65535,58367,
65535,65535,65535,65535,0,0,0,0,0,0,0,0,0,0,0,0,0,0,0,0,0,65535,0,0,0,0,0,0,0,0,0,0,0,0,0,0,0,0,65535,65535,65535,65535,65535,65535,65535,65535,65535,65535,0,0,0,0,0,0,0,0,0,0,0,0,0,0,0,0,65535,65535,65535,58367,
65535,65535,65535,65535,0,0,0,0,0,0,0,0,0,0,0,0,0,0,0,0,0,65535,0,0,0,0,0,0,0,0,0,0,0,0,0,0,0,0,65535,65535,65535,65535,65535,65535,65535,65535,65535,65535,0,0,0,0,0,0,0,0,0,0,0,0,0,0,0,0,65535,65535,65535,58367,
65535,65535,65535,65535,0,0,0,0,0,0,0,0,0,0,0,0,0,0,0,0,0,65535,0,0,0,0,0,0,0,0,0,0,0,0,0,0,0,0,65535,65535,65535,65535,65535,65535,65535,65535,65535,65535,0,0,0,0,0,0,0,0,0,0,0,0,0,0,0,0,65535,65535,65535,58367,
65335,65535,65535,65535,0,0,0,0,0,0,0,0,0,0,0,0,0,0,0,0,0,65535,65535,0,0,0,0,0,0,0,0,0,0,0,0,0,0,0,0,65535,65535,65535,65535,65535,65535,65535,65535,65535,0,0,0,0,0,0,0,0,0,0,0,0,0,0,0,0,65535,65535,65535,58367,
65535,65535,65535,65535,0,0,0,0,0,0,0,0,0,0,0,0,0,0,0,0,0,65535,65535,0,0,0,0,0,0,0,0,0,0,0,0,0,0,0,0,65535,65535,65535,65535,65535,65535,65535,65535,65535,0,0,0,0,0,0,0,0,0,0,0,0,0,0,0,0,65535,65535,65535,58367,
65535,65535,65535,65535,0,0,0,0,0,0,0,0,0,0,0,0,0,0,0,0,0,65535,65535,0,0,0,0,0,0,0,0,0,0,0,0,0,0,0,0,65535,65535,65535,65535,65535,65535,65535,65535,65535,0,0,0,0,0,0,0,0,0,0,0,0,0,0,0,0,65535,65535,65535,58367,
65535,65535,65535,65535,0,0,0,0,0,0,0,0,0,0,0,0,0,0,0,0,0,65535,65535,0,0,0,0,0,0,0,0,0,0,0,0,0,0,0,0,65535,65535,65535,65535,65535,65535,65535,65535,65535,0,0,0,0,0,0,0,0,0,0,0,0,0,0,0,0,65535,65535,65535,58367,
65535,65535,65535,65535,0,0,0,0,0,0,0,0,0,0,0,0,0,0,0,0,0,65535,65535,0,0,0,0,0,0,0,0,0,0,0,0,0,0,0,0,65535,65535,65535,65535,65535,65535,65535,65535,65535,0,0,0,0,0,0,0,0,0,0,0,0,0,0,0,0,65535,65535,65535,58367,
65375,65535,65535,65535,0,0,0,0,0,0,0,0,0,0,0,0,0,0,0,0,0,65535,65535,65535,0,0,0,0,0,0,0,0,0,0,0,0,0,0,0,0,65535,65535,65535,65535,65535,65535,65535,65535,0,0,0,0,0,0,0,0,0,0,0,0,0,0,0,0,65535,65535,65535,58367,
65535,65535,65535,65535,0,0,0,0,0,0,0,0,0,0,0,0,0,0,0,0,0,65535,65535,65535,0,0,0,0,0,0,0,0,0,0,0,0,0,0,0,0,65535,65535,65535,65535,65535,65535,65535,65535,0,0,0,0,0,0,0,0,0,0,0,0,0,0,0,0,65535,65535,65535,58367,
65535,65535,65535,65535,0,0,0,0,0,0,0,0,0,0,0,0,0,0,0,0,0,65535,65535,65535,0,0,0,0,0,0,0,0,0,0,0,0,0,0,0,0,65535,65535,65535,65535,65535,65535,65535,65535,0,0,0,0,0,0,0,0,0,0,0,0,0,0,0,0,65535,65535,65535,58367,
65535,65535,65535,65535,0,0,0,0,0,0,0,0,0,0,0,0,0,0,0,0,0,65535,65535,65535,0,0,0,0,0,0,0,0,0,0,0,0,0,0,0,0,65535,65535,65535,65535,65535,65535,65535,65535,0,0,0,0,0,0,0,0,0,0,0,0,0,0,0,0,65535,65535,65535,58367,
65535,65535,65535,65535,0,0,0,0,0,0,0,0,0,0,0,0,0,0,0,0,0,65535,65535,65535,0,0,0,0,0,0,0,0,0,0,0,0,0,0,0,0,65535,65535,65535,65535,65535,65535,65535,65535,0,0,0,0,0,0,0,0,0,0,0,0,0,0,0,0,65535,65535,65535,58367,
65431,65535,65535,65535,0,0,0,0,0,0,0,0,0,0,0,0,0,0,0,0,0,65535,65535,65535,65535,0,0,0,0,0,0,0,0,0,0,0,0,0,0,0,0,65535,65535,65535,65535,65535,65535,65535,0,0,0,0,0,0,0,0,0,0,0,0,0,0,0,0,65535,65535,65535,58367,
65535,65535,65535,65535,0,0,0,0,0,0,0,0,0,0,0,0,0,0,0,0,0,65535,65535,65535,65535,0,0,0,0,0,0,0,0,0,0,0,0,0,0,0,0,65535,65535,65535,65535,65535,65535,65535,0,0,0,0,0,0,0,0,0,0,0,0,0,0,0,0,65535,65535,65535,58367,
65535,65535,65535,65535,0,0,0,0,0,0,0,0,0,0,0,0,0,0,0,0,0,65535,65535,65535,65535,0,0,0,0,0,0,0,0,0,0,0,0,0,0,0,0,65535,65535,65535,65535,65535,65535,65535,0,0,0,0,0,0,0,0,0,0,0,0,0,0,0,0,65535,65535,65535,58367,
65535,65535,65535,65535,0,0,0,0,0,0,0,0,0,0,0,0,0,0,0,0,0,65535,65535,65535,65535,0,0,0,0,0,0,0,0,0,0,0,0,0,0,0,0,65535,65535,65535,65535,65535,65535,65535,0,0,0,0,0,0,0,0,0,0,0,0,0,0,0,0,65535,65535,65535,58367,
65535,65535,65535,65535,0,0,0,0,0,0,0,0,0,0,0,0,0,0,0,0,0,65535,65535,65535,65535,0,0,0,0,0,0,0,0,0,0,0,0,0,0,0,0,65535,65535,65535,65535,65535,65535,65535,0,0,0,0,0,0,0,0,0,0,0,0,0,0,0,0,65535,65535,65535,58367,
65479,65535,65535,65535,0,0,0,0,0,0,0,0,0,0,0,0,0,0,0,0,0,65535,65535,65535,65535,65535,0,0,0,0,0,0,0,0,0,0,0,0,0,0,0,0,65535,65535,65535,65535,65535,65535,0,0,0,0,0,0,0,0,0,0,0,0,0,0,0,0,65535,65535,65535,58367,
65535,65535,65535,65535,0,0,0,0,0,0,0,0,0,0,0,0,0,0,0,0,0,65535,65535,65535,65535,65535,0,0,0,0,0,0,0,0,0,0,0,0,0,0,0,0,65535,65535,65535,65535,65535,65535,0,0,0,0,0,0,0,0,0,0,0,0,0,0,0,0,65535,65535,65535,58367,
65535,65535,65535,65535,0,0,0,0,0,0,0,0,0,0,0,0,0,0,0,0,0,65535,65535,65535,65535,65535,0,0,0,0,0,0,0,0,0,0,0,0,0,0,0,0,65535,65535,65535,65535,65535,65535,0,0,0,0,0,0,0,0,0,0,0,0,0,0,0,0,65535,65535,65535,58367,
65535,65535,65535,65535,0,0,0,0,0,0,0,0,0,0,0,0,0,0,0,0,0,65535,65535,65535,65535,65535,0,0,0,0,0,0,0,0,0,0,0,0,0,0,0,0,65535,65535,65535,65535,65535,65535,0,0,0,0,0,0,0,0,0,0,0,0,0,0,0,0,65535,65535,65535,58367,
65535,65535,65535,65535,0,0,0,0,0,0,0,0,0,0,0,0,0,0,0,0,0,65535,65535,65535,65535,65535,0,0,0,0,0,0,0,0,0,0,0,0,0,0,0,0,65535,65535,65535,65535,65535,65535,0,0,0,0,0,0,0,0,0,0,0,0,0,0,0,0,65535,65535,65535,58367,
65527,65535,65535,65535,0,0,0,0,0,0,0,0,0,0,0,0,0,0,0,0,0,65535,65535,65535,65535,65535,65535,0,0,0,0,0,0,0,0,0,0,0,0,0,0,0,0,65535,65535,65535,65535,65535,0,0,0,0,0,0,0,0,0,0,0,0,0,0,0,0,65535,65535,65535,58367,
65535,65535,65535,65535,0,0,0,0,0,0,0,0,0,0,0,0,0,0,0,0,0,65535,65535,65535,65535,65535,65535,0,0,0,0,0,0,0,0,0,0,0,0,0,0,0,0,65535,65535,65535,65535,65535,0,0,0,0,0,0,0,0,0,0,0,0,0,0,0,0,65535,65535,65535,58367,
65535,65535,65535,65535,0,0,0,0,0,0,0,0,0,0,0,0,0,0,0,0,0,65535,65535,65535,65535,65535,65535,0,0,0,0,0,0,0,0,0,0,0,0,0,0,0,0,65535,65535,65535,65535,65535,0,0,0,0,0,0,0,0,0,0,0,0,0,0,0,0,65535,65535,65535,58367,
65535,65535,65535,65535,0,0,0,0,0,0,0,0,0,0,0,0,0,0,0,0,0,65535,65535,65535,65535,65535,65535,0,0,0,0,0,0,0,0,0,0,0,0,0,0,0,0,65535,65535,65535,65535,65535,0,0,0,0,0,0,0,0,0,0,0,0,0,0,0,0,65535,65535,65535,58367,
65535,65535,65535,65535,0,0,0,0,0,0,0,0,0,0,0,0,0,0,0,0,0,65535,65535,65535,65535,65535,65535,0,0,0,0,0,0,0,0,0,0,0,0,0,0,0,0,0,65535,65535,65535,65535,0,0,0,0,0,0,0,0,0,0,0,0,0,0,0,0,65535,65535,65535,58367,
65319,65535,65535,65535,0,0,0,0,0,0,0,0,0,0,0,0,0,0,0,0,0,65535,65535,65535,65535,65535,65535,65535,0,0,0,0,0,0,0,0,0,0,0,0,0,0,0,0,65535,65535,65535,65535,0,0,0,0,0,0,0,0,0,0,0,0,0,0,0,0,65535,65535,65535,58367,
65535,65535,65535,65535,0,0,0,0,0,0,0,0,0,0,0,0,0,0,0,0,0,65535,65535,65535,65535,65535,65535,65535,0,0,0,0,0,0,0,0,0,0,0,0,0,0,0,0,65535,65535,65535,65535,0,0,0,0,0,0,0,0,0,0,0,0,0,0,0,0,65535,65535,65535,58367,
65535,65535,65535,65535,0,0,0,0,0,0,0,0,0,0,0,0,0,0,0,0,0,65535,65535,65535,65535,65535,65535,65535,0,0,0,0,0,0,0,0,0,0,0,0,0,0,0,0,65535,65535,65535,65535,0,0,0,0,0,0,0,0,0,0,0,0,0,0,0,0,65535,65535,65535,58367,
65535,65535,65535,65535,0,0,0,0,0,0,0,0,0,0,0,0,0,0,0,0,0,65535,65535,65535,65535,65535,65535,65535,0,0,0,0,0,0,0,0,0,0,0,0,0,0,0,0,65535,65535,65535,65535,0,0,0,0,0,0,0,0,0,0,0,0,0,0,0,0,65535,65535,65535,58367,
65535,65535,65535,65535,0,0,0,0,0,0,0,0,0,0,0,0,0,0,0,0,0,65535,65535,65535,65535,65535,65535,65535,0,0,0,0,0,0,0,0,0,0,0,0,0,0,0,0,0,65535,65535,65535,0,0,0,0,0,0,0,0,0,0,0,0,0,0,0,0,65535,65535,65535,58367,
65375,65535,65535,65535,0,0,0,0,0,0,0,0,0,0,0,0,0,0,0,0,0,65535,65535,65535,65535,65535,65535,65535,65535,0,0,0,0,0,0,0,0,0,0,0,0,0,0,0,0,65535,65535,65535,0,0,0,0,0,0,0,0,0,0,0,0,0,0,0,0,65535,65535,65535,58367,
65535,65535,65535,65535,0,0,0,0,0,0,0,0,0,0,0,0,0,0,0,0,0,65535,65535,65535,65535,65535,65535,65535,65535,0,0,0,0,0,0,0,0,0,0,0,0,0,0,0,0,65535,65535,65535,0,0,0,0,0,0,0,0,0,0,0,0,0,0,0,0,65535,65535,65535,58367,
65535,65535,65535,65535,0,0,0,0,0,0,0,0,0,0,0,0,0,0,0,0,0,65535,65535,65535,65535,65535,65535,65535,65535,0,0,0,0,0,0,0,0,0,0,0,0,0,0,0,0,65535,65535,65535,0,0,0,0,0,0,0,0,0,0,0,0,0,0,0,0,65535,65535,65535,58367,
65535,65535,65535,65535,0,0,0,0,0,0,0,0,0,0,0,0,0,0,0,0,0,65535,65535,65535,65535,65535,65535,65535,65535,0,0,0,0,0,0,0,0,0,0,0,0,0,0,0,0,65535,65535,65535,0,0,0,0,0,0,0,0,0,0,0,0,0,0,0,0,65535,65535,65535,58367,
65535,65535,65535,65535,0,0,0,0,0,0,0,0,0,0,0,0,0,0,0,0,0,65535,65535,65535,65535,65535,65535,65535,65535,0,0,0,0,0,0,0,0,0,0,0,0,0,0,0,0,0,65535,65535,0,0,0,0,0,0,0,0,0,0,0,0,0,0,0,0,65535,65535,65535,58367,
65423,65535,65535,65535,0,0,0,0,0,0,0,0,0,0,0,0,0,0,0,0,0,65535,65535,65535,65535,65535,65535,65535,65535,65535,0,0,0,0,0,0,0,0,0,0,0,0,0,0,0,0,65535,65535,0,0,0,0,0,0,0,0,0,0,0,0,0,0,0,0,65535,65535,65535,58367,
65535,65535,65535,65535,0,0,0,0,0,0,0,0,0,0,0,0,0,0,0,0,0,65535,65535,65535,65535,65535,65535,65535,65535,65535,0,0,0,0,0,0,0,0,0,0,0,0,0,0,0,0,65535,65535,0,0,0,0,0,0,0,0,0,0,0,0,0,0,0,0,65535,65535,65535,58367,
65535,65535,65535,65535,0,0,0,0,0,0,0,0,0,0,0,0,0,0,0,0,0,65535,65535,65535,65535,65535,65535,65535,65535,65535,0,0,0,0,0,0,0,0,0,0,0,0,0,0,0,0,65535,65535,0,0,0,0,0,0,0,0,0,0,0,0,0,0,0,0,65535,65535,65535,58367,
65535,65535,65535,65535,0,0,0,0,0,0,0,0,0,0,0,0,0,0,0,0,0,65535,65535,65535,65535,65535,65535,65535,65535,65535,0,0,0,0,0,0,0,0,0,0,0,0,0,0,0,0,65535,65535,0,0,0,0,0,0,0,0,0,0,0,0,0,0,0,0,65535,65535,65535,58367,
65535,65535,65535,65535,0,0,0,0,0,0,0,0,0,0,0,0,0,0,0,0,0,65535,65535,65535,65535,65535,65535,65535,65535,65535,0,0,0,0,0,0,0,0,0,0,0,0,0,0,0,0,0,65535,0,0,0,0,0,0,0,0,0,0,0,0,0,0,0,0,65535,65535,65535,58367,
65471,65535,65535,65535,0,0,0,0,0,0,0,0,0,0,0,0,0,0,0,0,0,65535,65535,65535,65535,65535,65535,65535,65535,65535,65535,0,0,0,0,0,0,0,0,0,0,0,0,0,0,0,0,65535,0,0,0,0,0,0,0,0,0,0,0,0,0,0,0,0,65535,65535,65535,58367,
65535,65535,65535,65535,0,0,0,0,0,0,0,0,0,0,0,0,0,0,0,0,0,65535,65535,65535,65535,65535,65535,65535,65535,65535,65535,0,0,0,0,0,0,0,0,0,0,0,0,0,0,0,0,65535,0,0,0,0,0,0,0,0,0,0,0,0,0,0,0,0,65535,65535,65535,58367,
65535,65535,65535,65535,0,0,0,0,0,0,0,0,0,0,0,0,0,0,0,0,0,65535,65535,65535,65535,65535,65535,65535,65535,65535,65535,0,0,0,0,0,0,0,0,0,0,0,0,0,0,0,0,65535,0,0,0,0,0,0,0,0,0,0,0,0,0,0,0,0,65535,65535,65535,58367,
65535,65535,65535,65535,0,0,0,0,0,0,0,0,0,0,0,0,0,0,0,0,0,65535,65535,65535,65535,65535,65535,65535,65535,65535,65535,0,0,0,0,0,0,0,0,0,0,0,0,0,0,0,0,65535,0,0,0,0,0,0,0,0,0,0,0,0,0,0,0,0,65535,65535,65535,58367,
65535,65535,65535,65535,0,0,0,0,0,0,0,0,0,0,0,0,0,0,0,0,0,65535,65535,65535,65535,65535,65535,65535,65535,65535,65535,0,0,0,0,0,0,0,0,0,0,0,0,0,0,0,0,0,0,0,0,0,0,0,0,0,0,0,0,0,0,0,0,0,65535,65535,65535,58367,
65519,65535,65535,65535,0,0,0,0,0,0,0,0,0,0,0,0,0,0,0,0,0,65535,65535,65535,65535,65535,65535,65535,65535,65535,65535,65535,0,0,0,0,0,0,0,0,0,0,0,0,0,0,0,0,0,0,0,0,0,0,0,0,0,0,0,0,0,0,0,0,65535,65535,65535,58367,
65535,65535,65535,65535,0,0,0,0,0,0,0,0,0,0,0,0,0,0,0,0,0,65535,65535,65535,65535,65535,65535,65535,65535,65535,65535,65535,0,0,0,0,0,0,0,0,0,0,0,0,0,0,0,0,0,0,0,0,0,0,0,0,0,0,0,0,0,0,0,0,65535,65535,65535,58367,
65535,65535,65535,65535,0,0,0,0,0,0,0,0,0,0,0,0,0,0,0,0,0,65535,65535,65535,65535,65535,65535,65535,65535,65535,65535,65535,0,0,0,0,0,0,0,0,0,0,0,0,0,0,0,0,0,0,0,0,0,0,0,0,0,0,0,0,0,0,0,0,65535,65535,65535,58367,
65535,65535,65535,65535,0,0,0,0,0,0,0,0,0,0,0,0,0,0,0,0,0,65535,65535,65535,65535,65535,65535,65535,65535,65535,65535,65535,0,0,0,0,0,0,0,0,0,0,0,0,0,0,0,0,0,0,0,0,0,0,0,0,0,0,0,0,0,0,0,0,65535,65535,65535,58367,
65535,65535,65535,65535,0,0,0,0,0,0,0,0,0,0,0,0,0,0,0,0,0,65535,65535,65535,65535,65535,65535,65535,65535,65535,65535,65535,65535,0,0,0,0,0,0,0,0,0,0,0,0,0,0,0,0,0,0,0,0,0,0,0,0,0,0,0,0,0,0,0,65535,65535,65535,58367,
65319,65535,65535,65535,0,0,0,0,0,0,0,0,0,0,0,0,0,0,0,0,0,65535,65535,65535,65535,65535,65535,65535,65535,65535,65535,65535,65535,0,0,0,0,0,0,0,0,0,0,0,0,0,0,0,0,0,0,0,0,0,0,0,0,0,0,0,0,0,0,0,65535,65535,65535,58367,
65535,65535,65535,65535,0,0,0,0,0,0,0,0,0,0,0,0,0,0,0,0,0,65535,65535,65535,65535,65535,65535,65535,65535,65535,65535,65535,65535,0,0,0,0,0,0,0,0,0,0,0,0,0,0,0,0,0,0,0,0,0,0,0,0,0,0,0,0,0,0,0,65535,65535,65535,58367,
65535,65535,65535,65535,0,0,0,0,0,0,0,0,0,0,0,0,0,0,0,0,0,65535,65535,65535,65535,65535,65535,65535,65535,65535,65535,65535,65535,0,0,0,0,0,0,0,0,0,0,0,0,0,0,0,0,0,0,0,0,0,0,0,0,0,0,0,0,0,0,0,65535,65535,65535,58367,
65535,65535,65535,65535,0,0,0,0,0,0,0,0,0,0,0,0,0,0,0,0,0,65535,65535,65535,65535,65535,65535,65535,65535,65535,65535,65535,65535,0,0,0,0,0,0,0,0,0,0,0,0,0,0,0,0,0,0,0,0,0,0,0,0,0,0,0,0,0,0,0,65535,65535,65535,58367,
65535,65535,65535,65535,0,0,0,0,0,0,0,0,0,0,0,0,0,0,0,0,0,65535,65535,65535,65535,65535,65535,65535,65535,65535,65535,65535,65535,65535,0,0,0,0,0,0,0,0,0,0,0,0,0,0,0,0,0,0,0,0,0,0,0,0,0,0,0,0,0,0,65535,65535,65535,58367,
65367,65535,65535,65535,0,0,0,0,0,0,0,0,0,0,0,0,0,0,0,0,0,65535,65535,65535,65535,65535,65535,65535,65535,65535,65535,65535,65535,65535,0,0,0,0,0,0,0,0,0,0,0,0,0,0,0,0,0,0,0,0,0,0,0,0,0,0,0,0,0,0,65535,65535,65535,58367,
65535,65535,65535,65535,0,0,0,0,0,0,0,0,0,0,0,0,0,0,0,0,0,65535,65535,65535,65535,65535,65535,65535,65535,65535,65535,65535,65535,65535,0,0,0,0,0,0,0,0,0,0,0,0,0,0,0,0,0,0,0,0,0,0,0,0,0,0,0,0,0,0,65535,65535,65535,58367,
65535,65535,65535,65535,0,0,0,0,0,0,0,0,0,0,0,0,0,0,0,0,0,65535,65535,65535,65535,65535,65535,65535,65535,65535,65535,65535,65535,65535,0,0,0,0,0,0,0,0,0,0,0,0,0,0,0,0,0,0,0,0,0,0,0,0,0,0,0,0,0,0,65535,65535,65535,58367,
65535,65535,65535,65535,0,0,0,0,0,0,0,0,0,0,0,0,0,0,0,0,0,65535,65535,65535,65535,65535,65535,65535,65535,65535,65535,65535,65535,65535,0,0,0,0,0,0,0,0,0,0,0,0,0,0,0,0,0,0,0,0,0,0,0,0,0,0,0,0,0,0,65535,65535,65535,58367,
65535,65535,65535,65535,0,0,0,0,0,0,0,0,0,0,0,0,0,0,0,0,0,65535,65535,65535,65535,65535,65535,65535,65535,65535,65535,65535,65535,65535,65535,0,0,0,0,0,0,0,0,0,0,0,0,0,0,0,0,0,0,0,0,0,0,0,0,0,0,0,0,0,65535,65535,65535,58367,
65415,65535,65535,65535,0,0,0,0,0,0,0,0,0,0,0,0,0,0,0,0,0,65535,65535,65535,65535,65535,65535,65535,65535,65535,65535,65535,65535,65535,65535,0,0,0,0,0,0,0,0,0,0,0,0,0,0,0,0,0,0,0,0,0,0,0,0,0,0,0,0,0,65535,65535,65535,58367,
65535,65535,65535,65535,0,0,0,0,0,0,0,0,0,0,0,0,0,0,0,0,0,65535,65535,65535,65535,65535,65535,65535,65535,65535,65535,65535,65535,65535,65535,0,0,0,0,0,0,0,0,0,0,0,0,0,0,0,0,0,0,0,0,0,0,0,0,0,0,0,0,0,65535,65535,65535,58367,
65535,65535,65535,65535,0,0,0,0,0,0,0,0,0,0,0,0,0,0,0,0,0,65535,65535,65535,65535,65535,65535,65535,65535,65535,65535,65535,65535,65535,65535,0,0,0,0,0,0,0,0,0,0,0,0,0,0,0,0,0,0,0,0,0,0,0,0,0,0,0,0,0,65535,65535,65535,58367,
65535,65535,65535,65535,0,0,0,0,0,0,0,0,0,0,0,0,0,0,0,0,0,65535,65535,65535,65535,65535,65535,65535,65535,65535,65535,65535,65535,65535,65535,0,0,0,0,0,0,0,0,0,0,0,0,0,0,0,0,0,0,0,0,0,0,0,0,0,0,0,0,0,65535,65535,65535,58367,
65535,65535,65535,65535,0,0,0,0,0,0,0,0,0,0,0,0,0,0,0,0,0,65535,65535,65535,65535,65535,65535,65535,65535,65535,65535,65535,65535,65535,65535,65535,0,0,0,0,0,0,0,0,0,0,0,0,0,0,0,0,0,0,0,0,0,0,0,0,0,0,0,0,65535,65535,65535,58367,
65463,65535,65535,65535,65535,65535,65535,65535,65535,65535,65535,65535,65535,65535,65535,65535,65535,65535,65535,65535,65535,65535,65535,65535,65535,65535,65535,65535,65535,65535,65535,65535,65535,65535,65535,65535,65535,65535,65535,65535,65535,65535,65535,65535,65535,65535,65535,65535,65535,65535,65535,65535,65535,65535,65535,65535,65535,65535,65535,65535,65535,65535,65535,65535,65535,65535,248,